0.860383175238,0.604729089738,1.03372697763,0.756371561666,0.938819156748,0.716842569101,0.79149269244,0.806411210484,0.912387447259,0.45607474993,0.849350679082,0.871096364669,0
0.864805800208,0.585343869606,1.01507671582,0.765663983254,0.931370002146,0.711707113099,0.805279913277,0.79142861305,0.927993160415,0.483186419145,0.856597350151,0.849127982768,0
0.843080876174,0.599196738757,1.00863204528,0.759710523356,0.934249948454,0.695570251941,0.772770917615,0.781428062989,0.946778521603,0.459807833679,0.821111959118,0.909933945909,0
0.829677329212,0.593060423408,1.00456439699,0.7485330355,0.909240042143,0.735355046357,0.781146668445,0.799277389304,0.932767332236,0.479773162012,0.827050388529,0.882452045961,0
0.870307756916,0.592996554753,1.00025033152,0.759856308182,0.888976774771,0.745031161313,0.793709148719,0.787878728566,0.908033427747,0.455570249745,0.850698536921,0.886129201359,0
0.851639194313,0.582699090812,1.03530971025,0.755841892982,0.912503035458,0.728319786259,0.785713814589,0.797216127851,0.927759517022,0.460409054591,0.854369832912,0.896966661451,0
0.835636898857,0.59998359605,1.02357832324,0.763761637172,0.895221070496,0.714321579587,0.762681919487,0.788786682599,0.939909442319,0.46829116695,0.837504531312,0.885388648656,0
0.842625388809,0.593214091743,1.03218479946,0.756302993489,0.916597558513,0.737129657713,0.792547233145,0.779866894296,0.930972608246,0.466619359521,0.854994456747,0.868369280905,0
0.87909854446,0.587622904251,1.01670302817,0.753796558862,0.911597306924,0.71916910684,0.782832586945,0.818232684578,0.905616907354,0.471936205044,0.836625488241,0.893750346251,0
0.83337101272,0.591497820467,1.00350315855,0.748342643264,0.929610830581,0.722646113205,0.786589498909,0.765663632252,0.945571721926,0.444262559682,0.830017286403,0.894061253783,0
0.849710381049,0.589965774752,1.02976790517,0.75137799619,0.92422172156,0.719953516249,0.804057068505,0.769702491583,0.931399156358,0.45402857679,0.842975737549,0.88208825962,0
0.848907674439,0.57413304214,1.02997005335,0.743600932413,0.918448471463,0.705594862777,0.774556755973,0.770001740215,0.926861447019,0.449637226364,0.825332968393,0.875234415971,0
0.850718708094,0.610153593129,1.01574062757,0.752174722197,0.922855712319,0.728725772688,0.805813574361,0.768963399485,0.934397419605,0.461602495892,0.851352082436,0.872762413945,0
0.875009345371,0.599700802362,1.0246341206,0.757689766539,0.90903467077,0.728288646387,0.764569646792,0.778022406314,0.915402686087,0.449062464527,0.864109037016,0.886876405574,0
0.846792270347,0.59847299445,1.0305347106,0.739238313716,0.913788511118,0.733732024789,0.762535172908,0.790450930925,0.932830033284,0.471657040965,0.843957423523,0.885122387613,0
0.843589505757,0.588308979748,1.05024875082,0.769885554808,0.912132174465,0.719964580734,0.787732357776,0.753313506532,0.929963821468,0.448364675677,0.862652195941,0.888116412571,0
0.873643445154,0.576637788959,1.00880573506,0.752683291765,0.930343040071,0.707006544665,0.771621239221,0.776646387873,0.918849963772,0.458034253926,0.846978207424,0.871013394712,0
0.850092916877,0.594688000994,1.0340185933,0.772841147753,0.917923863046,0.710172014004,0.778730559746,0.807966741536,0.91098665558,0.474057956971,0.853609306401,0.855072396708,0
0.824365347608,0.577217326416,1.0276003417,0.729412726254,0.911573178667,0.719049248895,0.788637631916,0.781879341964,0.925706885563,0.451922966759,0.861253864067,0.8794170905,0
0.891311089388,0.598872679879,0.999936065362,0.750948385081,0.8962011499,0.717614167705,0.798183836831,0.798154638054,0.925614717846,0.468878135655,0.852156162051,0.879476699193,0
0.852444128309,0.581310759695,1.04294213899,0.749282770714,0.912953482716,0.715629201316,0.776685868897,0.772471955988,0.949661834785,0.466874243643,0.826823825462,0.886840327925,0
0.846102801,0.586784525065,1.00826600158,0.750134347209,0.914181035193,0.731815324753,0.77323470455,0.762209809143,0.934646203173,0.450356750019,0.834295152961,0.90300769442,0
0.82997049011,0.587951686624,1.02048482518,0.736374050215,0.905787946102,0.727937999018,0.789360267016,0.79432371521,0.916740895675,0.466355175579,0.854066491905,0.887684516981,0
0.836108464247,0.576198142722,1.01876319845,0.738392853418,0.934311794228,0.720457686751,0.774527148533,0.783854479469,0.94230552199,0.460074015095,0.863520861173,0.868147298572,0
0.861225395904,0.598669046294,1.01638191264,0.739620517587,0.922967689149,0.716874009347,0.788720747215,0.800740493434,0.914454718273,0.471705171293,0.88206174563,0.850426828946,0
0.832130990739,0.578471406615,1.00889789904,0.750807896431,0.936017531704,0.705191875852,0.777456421141,0.79051311491,0.930662467676,0.461930315987,0.836798466417,0.859854423446,0
0.840994981568,0.591259744858,1.0495636664,0.76380955811,0.917172093927,0.720094959131,0.780056812912,0.780307727007,0.924259037234,0.469820246726,0.838872750202,0.8670315531,0
0.863479229174,0.611391387036,1.00183887077,0.735423127501,0.924432670094,0.722755310036,0.76940243824,0.775513736784,0.930465739888,0.470339358806,0.857108050299,0.874124463603,0
0.87385790452,0.600800209937,1.02237565134,0.744437784812,0.9125189465,0.732085648905,0.758669263575,0.790048877235,0.939080247464,0.455350492883,0.852777197025,0.888007786876,0
0.859679646417,0.60421533811,1.00517447417,0.751058642621,0.906311430302,0.727645902787,0.783939764282,0.788824803613,0.93052691107,0.460915276341,0.853000511417,0.867910169945,0
0.850706930924,0.606223193806,1.00658632724,0.75714745332,0.947386474643,0.701163561302,0.787179382195,0.775676980586,0.941722662412,0.458524051926,0.827164232238,0.880660452246,0
0.849217972737,0.595641647613,0.99763990757,0.738475227457,0.906032013227,0.735708015937,0.768966475128,0.78897914964,0.91810644689,0.449271943752,0.842227082603,0.868103244102,0
0.827783078569,0.59234214306,0.992799080219,0.739478153604,0.914656079301,0.722624815626,0.787247869968,0.797124038283,0.924105246034,0.473667805522,0.818868285652,0.897304165488,0
0.857028626906,0.598876823604,1.01221555176,0.75029899428,0.952911737553,0.719654009518,0.786047579765,0.771749533355,0.937755237917,0.477336202365,0.858769141607,0.857607087769,0
1.21068614911,0.363436388182,0.833154512766,0.518952439031,0.48749838123,0.418558045551,0.751598885829,0.385776706603,1.40451831371,0.177333764085,0.242459266574,0.65417311225,1
1.0334645879,0.193525200632,0.405458098676,0.336503461451,0.700905251774,0.322486573694,1.6663727451,0.729268102616,0.558897412544,0.453669582115,0.808671012361,0.334323982021,1
0.698498045421,0.322918828594,1.17388493972,0.554293255857,0.400959848889,1.02812812022,0.323779497764,0.569126342072,0.602677976676,0.968384865339,0.516820764231,0.263401880543,1
1.05772973842,0.336134920106,0.756694212545,0.551365269968,0.326261267486,0.378091901445,0.220766658212,1.60285846942,0.101440436703,2.40325195172,0.127565952821,0.427415036126,1
0.906326271147,0.351942544987,1.0777730949,0.359441709342,0.262090971406,0.980373809443,1.05148675663,0.283844979098,0.623408289836,0.330103761305,0.00989551773114,0.285884627353,1
2.37959469037,0.681602057428,0.33567863142,0.0477991677295,1.49334446426,0.218352623177,0.0655688732482,0.327477184749,1.29623936387,0.000664517818602,0.0138918811834,0.49896920619,1
0.128228762233,0.190472185102,0.285371415275,1.47879953418,0.220345020148,0.598589212917,0.847439245003,0.537246304737,1.07986667825,0.126020268055,0.367334551543,1.23458901841,1
0.369698291495,0.968006600053,0.740431700055,0.480411940483,1.05169380933,0.324217621393,0.98217137917,0.262690040446,2.09572111343,0.185074053455,0.272797196384,0.973410770233,1
0.604747197805,1.30167624156,0.237664082066,0.125524629704,1.09668322988,0.343498303079,0.604390086177,0.807225412652,0.269104573884,0.837089038252,0.338995812911,0.926340339122,1
0.628453518076,0.46415251119,0.454106181007,0.697111097517,0.306632983125,1.28881151834,0.35320892242,0.534004473728,0.409472234584,0.4034937584,0.552446951394,1.65596056834,1
0.370119017558,0.25518426279,0.641635271585,0.295901024278,0.959413381949,0.115911030538,0.55767664834,0.585056751598,0.216087133864,1.62678219056,0.0765036026674,1.62050782097,1
0.599567439775,0.239268725063,0.515876914923,0.759834669295,0.947845684493,0.787228927702,0.154254051351,1.22140157453,0.207850661097,0.293633201864,0.751556465481,0.155508338222,1
0.375085132288,0.791716792886,0.152550400597,0.869505141668,0.868775078565,0.27311893331,0.451361257086,0.535340639489,0.338455657335,0.654399053879,0.182447052406,1.10108622473,1
0.1241342055,0.238543280003,1.580156131,0.45177441753,0.250503914598,0.214328947844,1.12898511865,0.0583313276565,0.632089718367,0.177056258593,0.608920626582,0.775909488518,1
1.35048539779,0.0654010947035,0.58867956295,0.162095591685,0.230634069185,0.256143927243,0.351260460151,0.574463279732,0.742327929833,1.09628078577,0.148923972283,2.8188026279,1
1.42099808633,0.24728804722,1.22773610211,0.272048792477,0.490308101569,0.504884224524,0.473614844521,0.806581576365,0.479646840991,0.967852239065,0.208816051687,2.05274024732,1
1.72542345341,0.209475663097,0.369078267395,0.556987694479,0.0475294386029,2.36863435295,0.076447453023,0.279464927539,0.930273514466,0.768371698492,0.0410403904256,0.295026097627,1
0.00711811709869,0.0104075293352,0.210814789163,0.114648207395,0.117816448707,0.764991668214,0.0486032078469,0.188840650943,0.959603034447,0.80081332361,0.268196247701,1.32428480388,1
0.194516911689,0.0177075488373,0.157168988352,0.378582460229,0.624378862969,0.474211988342,0.159940723309,0.577046944574,0.124713892574,0.542021888861,0.553444788637,0.627854163509,1
0.0109133206548,0.115781146395,0.0492164970004,0.748625062032,0.430656945641,0.083575518729,0.122953369125,0.590326671111,0.682292726304,0.00118373747091,0.333010907641,2.29291343717,1
0.545058908218,0.162474553548,1.45015314725,0.373109399771,0.378291104206,0.964675054721,2.92030428701,2.46220799828,0.0661375126994,1.05496642379,0.0485457782932,1.61420549483,1
0.169367363705,3.09593726464,2.69133913286,0.0620604364012,0.840465111466,0.121764048975,0.396941504371,0.96740488265,0.478197013933,0.049990112315,1.4003225441,0.648150389724,1
1.15537577954,0.334817038395,1.47495661385,0.431259028317,0.404084703985,0.43894061149,0.40326401586,0.323171977245,1.06159384907,0.384013849496,0.349720985425,0.497159336042,1
0.270264209476,1.54372029562,0.560092441897,0.265559438692,0.721258509447,0.299927970114,0.183535636351,2.3565316233,0.360091843898,0.305012476762,0.409896493005,1.02985418409,1
0.715577159562,0.300092508057,0.609935038073,0.250950053761,0.307440031586,0.829168507905,0.987481740374,0.35827610078,0.341672074891,1.1256825456,0.693915354185,1.02388941527,1
0.970553681526,0.28312113493,0.674602809227,0.920516617207,0.160827644371,0.219083002439,2.54925673824,0.252989283272,0.988916970922,0.797763502529,0.50814744046,0.958126784267,1
0.391629311953,0.48448300438,0.437684282872,0.210731865792,0.403915419868,3.00629766402,2.44391014833,0.014192261297,0.572604347499,0.451908278334,1.01881896429,0.277280059719,1
0.782512414197,0.33234836337,0.277735886293,0.435303963092,0.775992211454,0.686379655579,0.255226264993,0.663257431512,1.04149898108,1.51110889987,0.205812719593,0.721057328763,1
0.30113691048,0.551952923394,0.716099734265,0.770907300972,0.202299817691,0.980404281886,0.550929736592,0.237392284818,0.881211207895,1.30444096852,0.237216424542,0.610695097357,1
0.488241452017,0.811452780359,0.528518419783,0.160464043244,0.940575541631,0.39593189848,0.17179802938,0.74970574515,1.02404496603,0.420332557451,0.742159284953,0.40994008704,1
0.207427005515,0.445577763636,0.197518748119,0.0905418297779,1.75264260973,0.612214862867,0.0602688595057,0.142531456184,0.826162731435,0.0261511758367,0.317656797277,1.31714508568,1
0.326058505774,0.0606276883442,0.0308807055876,0.384339481961,0.533801222866,0.0243428862981,0.153503239997,3.0075831849,2.59142468738,0.00134658455862,0.567266937845,0.263254329174,1
0.461132534484,1.05509724839,0.226529024927,0.449379962242,0.249054090355,2.65028348126,0.32830135324,0.119228256186,0.612432204659,1.16582158134,0.341012572593,0.657977046219,1